0 R8YGUPII 2 359
13 PM1L7ARC 14 608
35 LCQC8L38 12 129
54 8VRO7I8S 20 820
61 NFALG8BY 4 42
70 TNI7E3SD 4 580
71 JTLN6YUS 16 609
88 5LG03ENN 11 279
90 6WMGF02T 15 1127
102 A0P6IT38 18 463
126 LCCDJFR4 1 764
135 8Y93SB0L 1 60
154 RQWR3UDE 4 397
171 PM8YDEH9 10 158
198 755UXPQM 4 642
205 4UH475MF 20 1070
207 41QH7UU3 14 148
215 Y3LR08NM 8 83
236 W2R6VHWM 12 28
237 OI78UE13 10 309
252 3RSFY3V9 15 170
256 4IMW4JXK 4 1022
262 HF4YNHJ7 10 173
265 LKRYSY9O 14 639
267 4P3VHA8Q 1 428
271 CT2JGBSR 4 151
283 FQZQS21H 17 1369
296 EIZM55P6 11 267
314 OATFV7LG 20 144
325 01FFIHCV 13 139
337 381FH354 2 423
345 8PSZID8J 16 235
354 CA9S1T88 12 250
363 1IGP1XLB 3 166
371 V7CRNS90 8 202
399 MUMO2N5O 10 1054
404 BZQXCO22 13 366
424 RF1FUYWV 17 311
430 2K6NQNAA 1 486
430 KWMU0Y8Q 1 918
432 7E024BL0 3 1083
434 XTO5LH5P 8 646
437 4WO0L4HT 15 557
447 M8IEXFZI 14 238
464 NUCIFR3H 17 662
465 DISC2ORB 15 1089
477 SM6X6DV7 18 101
484 10140OPO 3 225
495 BLZ3D5BR 8 352
502 JK23KSMX 6 393
513 X07HO5ZW 18 511
522 HBTS01A3 9 313
531 Z8YNZFA4 17 163
534 F6HW1ZBX 14 1095
535 6SI45NZV 4 104
547 6G1JY5NS 4 178
547 GZOYOSRT 17 678
548 J843FMXK 1 573
558 IZKTO2LG 9 496
560 13G0CPT4 6 176
578 9I53N6CV 8 551
583 1O1OZ5EK 12 786
610 681JS10X 4 124
613 I4F9RI6K 15 439
616 E2E2IQ8H 6 149
618 3L9NCBGL 14 140
625 H3Q2DTBK 2 78
631 456VYM2Z 20 474
635 5OSKM7H3 16 224
636 7Z4YBURK 6 323
656 CLZ62WNZ 8 195
656 MN5412H2 4 686
712 7Q65KKG5 3 303
716 3FTMFR8P 9 958
731 RNOWLEFZ 2 306
747 0PKUS9F9 5 451
750 DW4CIBSB 10 493
751 XSJA8RNO 2 402
758 JA8T5LAJ 11 390
761 6IHSVOEV 1 43
789 P0IRJDA7 4 516
826 Y0LSV9CR 8 589
829 F0R8P1NF 4 367
848 TPC0UCUL 9 448
853 TTZMHAQT 8 574
857 FLJ5VFH9 20 548
860 G6YYGQUF 2 151
868 BBABTZ3V 3 339
868 C6PDX192 6 45
876 1NIP378X 9 831
895 3TWPKKSJ 4 451
918 41THS3GE 1 194
927 BZ3STUFL 6 424
958 XVF8QEWY 16 473
964 H4XK03EX 6 16
977 VA5PM3VQ 8 92
980 SPAX18KA 18 43
983 TAB77XF9 5 124
987 P4P8HJ0R 4 373
999 IJ4TPFYX 4 864
