0 T2NBNG3E 12 558
6 BQZXRZG5 13 765
7 D5KKAQHQ 4 609
9 59WBARUS 4 13
9 9YY9L4FZ 8 151
12 DYS9ISTW 12 924
12 E3XYONL5 15 595
13 2HFE5BHG 12 398
14 0DIX4GD3 3 79
14 ERFZPYJ8 9 142
15 AB4SXWQG 3 421
15 B6YIF514 2 38
15 VOUM4UZI 6 93
15 ZAAOSKT2 1 97
18 3ZVIUUBW 1 183
18 7KPXRYMF 11 132
18 88SX69Z2 20 199
19 2Y7QTL7U 18 57
20 7LRMT572 5 212
20 VAGI7H5D 11 355
22 ZQIBSPXQ 19 553
26 UPVFEZ2G 19 246
27 BHS5FNJU 12 208
27 DGM16Y3V 16 1068
27 Z2N5KTJF 5 59
28 JBKV2O89 2 296
28 P53CIGMH 14 254
28 UGP69XZI 1 682
28 XG2OIELS 18 294
31 SEF1O3P4 3 135
34 DVN4KGHS 8 385
35 6TF3BMW8 16 838
35 VGV8MZAV 6 94
36 BAHTOUMA 4 426
37 WIK206Q3 19 5
40 XIBXR8T6 7 363
41 0KOUX8T6 4 255
41 41I1IUQD 19 613
43 4ZG371LL 11 64
44 VNKSS29C 5 98
44 WEEZSNDS 5 529
50 TSBVM86T 15 131
53 HOP66VEX 7 179
53 XVJIR9LF 2 313
54 IOMBHY3R 12 287
55 3VTX24MD 2 362
55 DJLLBSHW 14 101
55 SHWHPI3S 3 384
56 WPZQL7VY 15 301
57 T8SLR9OI 18 84
57 ZNL1BY4I 14 311
58 G7F1CG4C 2 49
59 82S2PMSB 10 26
59 MMT2TIYJ 20 256
60 RJXAJK3R 11 208
62 EI36VZZN 10 242
63 COHZGTNO 1 842
63 GSYDM4WC 11 157
63 S9BFKYFX 10 106
66 S3TACR8M 16 144
67 980O71PQ 2 118
68 N8PSRP6W 18 138
69 03KZSL53 12 228
69 LOUSOWAJ 14 30
70 JMJD3HBV 7 308
70 JQUTPVTL 14 146
72 14P7UVFM 8 30
72 NMN9ZN4F 16 25
73 ESC63T17 11 78
74 7CW7W4U4 7 639
74 FZ0UWIP1 8 417
74 MZ5M4MSY 20 117
74 SJWUWFJG 2 8
78 B6262NJI 15 128
80 N4O0PSJB 3 306
81 N5ZPSJGU 6 701
81 NTJE7N1C 16 317
84 2ZYIOLZI 4 361
84 O4IPAPEE 17 128
85 USOQ60WJ 4 116
86 C4CWHFQ8 3 455
87 RXTG6AJP 20 115
89 4A7X7B0E 19 218
90 3RZJ2ZU7 9 74
90 96NB6YKJ 3 651
90 KYGOERWB 4 629
92 HG010Z57 9 400
92 O2TJ2CFP 10 118
98 OT8LXPHS 2 177
99 A302V6XP 3 15
100 B7DXR413 7 55
100 LQG8H1GK 10 21
101 RVUG76SR 3 132
101 TTQUZZ5Q 3 182
101 YXRTU8TM 12 25
102 E7FAEFK6 16 84
103 BH8X23QE 13 21
104 TJ2JMES2 15 291
106 9U3TFH8N 19 21
110 C8382C17 7 197
112 93UT5LXJ 1 33
112 K65LOJ9J 15 102
112 KUXBLKEU 14 324
113 74IC2974 20 417
113 USDZWMZ4 14 243
114 0UQGKGR4 9 318
114 JP020YMT 18 215
115 6TNS39NC 14 246
116 JW1NXM18 10 321
117 3T7M8K0J 6 154
117 TZXAX5KS 18 435
118 B59BET46 10 262
118 DUIVZAEI 9 15
118 LVUGR8JS 14 87
119 5WNMVZEJ 3 86
119 ET4FRB7Z 7 176
119 TDUWUREG 18 425
120 HUIYKNIV 10 681
120 K9VH3NNG 18 90
121 YF3AEOEF 12 362
122 CRGAMC04 1 827
122 YFH76U2B 14 154
124 EK61LR8S 3 478
124 H28ALXAQ 15 791
125 GCDNHZBS 19 447
126 MZRYRACO 13 74
126 UCVCFHVM 6 263
126 X4Y8USIZ 14 196
127 6PDOGAJ0 6 530
128 0RHF5S3Q 8 26
128 38ZT9Q1W 14 19
130 42J6QJ9J 1 116
131 RZVBPXXY 13 99
132 08SS6J36 14 210
133 3XNYLWPA 19 24
133 AW34Y4O1 14 97
134 5JUAY74G 14 208
135 6QOS0Y1H 18 265
137 IIVKVOZX 8 429
137 KEKVPGGU 10 238
137 QO42PN7N 17 6
137 R7CL13NU 12 98
138 4IWVGTNB 16 575
138 MJAOM6MZ 11 64
139 LCZL2SEB 2 432
140 GYRKSLKK 9 21
140 LCEN0QVE 8 75
140 SKATUD8B 13 935
141 P0FK1VBT 18 149
142 0QHEHUR5 10 95
142 MLP3PXA4 11 205
144 NC320U4C 19 804
145 HNPC509E 3 21
145 JZGI4RXW 7 144
145 ZP0WZEUW 16 252
146 7PWJ81DH 12 978
146 F76S4NHN 12 104
147 NL10FAEY 19 31
148 FNNOS137 7 740
149 LM0D58D9 10 536
149 OCDF0NHF 13 385
150 DO8C31KM 16 25
151 4HZ2RNIR 12 38
151 ZCD20GJ3 14 146
152 GKKG60KR 4 812
152 H0AC6GHF 14 862
154 MS564CTL 15 2
157 9LMVJ5OH 14 363
157 SIEBZ8U4 16 223
158 509Z6USY 4 539
159 XXM8GYXO 3 720
161 F4GEI510 13 245
163 ISMZW7KB 16 124
164 GRAY5F1E 16 265
164 HWXQEWCA 16 436
165 QK088AMD 1 564
165 Z2HKWT03 5 13
166 0SGX5WM4 7 214
166 DND5VJAZ 19 997
166 DYPIABH7 8 95
168 20GNZE2Y 14 22
168 AOCLXIQW 2 51
168 OQMPN52G 11 69
170 XVZGQPRE 16 204
171 HP6II18C 7 180
172 VB7PMCUV 3 47
177 6QCKK07V 10 72
178 8TNQ9FPJ 5 103
178 IO7Z46JW 18 663
178 W572MZ80 1 476
179 2YDTHJ23 4 883
179 76NY6YY5 17 123
179 L0IMQNL0 5 94
179 X6YHUDXO 20 170
180 XWMP079X 9 144
182 ONQLOLVY 15 221
183 M44TM2ZX 12 183
185 OQCWJMNL 18 227
188 ACKSFSO3 8 722
189 08CF6ZPL 2 141
189 LWLW29J8 11 61
190 E6FSHNAB 13 296
190 OLXFYG1Q 20 323
191 OUX39FSX 15 262
192 H5K78C5L 10 405
195 398AYP05 20 427
196 7I6UYQ5N 6 145
196 IB3J8LWJ 13 379
196 R5VX329H 8 227
197 1RXPV8VJ 5 272
197 DZ3OB0SD 10 77
197 O5YGEHTZ 16 348
198 7Q4M9H0B 9 7
198 8DZVEW9V 14 68
198 FVIDN5IX 8 126
199 2X8K1IN3 1 659
199 LTVGL54U 7 689
200 HCRV1K55 5 406
200 JCEWYYCY 8 457
201 5ER4X661 10 857
202 2B62CJS0 12 271
202 ZUCPQHUO 11 393
206 TIL3R4DC 18 182
207 5TUEM34W 13 281
208 U0CRMDBL 6 175
208 U2QW87J3 7 200
210 W9O05EMY 8 450
211 OM943OIC 17 32
213 ZHDIBDOY 8 23
214 0PZOMU3S 15 22
214 URIBGI8Q 15 72
215 LQWHIFPB 11 48
216 247EQ8RD 20 104
216 3PAH4OD8 14 136
216 3YPH7SEC 8 132
216 7DLH4KHO 15 562
216 JL51BWSR 10 323
217 A904HT4Q 16 137
217 OLYJRVS5 19 95
217 S1QK27QD 11 373
218 ABUYSJF3 4 98
220 HU1VLGOY 13 280
221 C62CRY1O 13 525
222 9YDWP36F 15 221
222 IV6JS3OA 18 201
222 MGB1OYLJ 4 461
223 WNTQBI45 10 216
224 K57XJCI4 16 154
224 ONY1P36N 13 310
225 EZ6M5ILO 9 107
226 1U0O9H24 20 13
226 MZ5YROG4 10 210
226 W4J3NJMK 16 278
227 54WZGUP8 9 213
229 NL3533HZ 20 114
230 0B98KP1L 5 103
231 5KOTWPPP 12 387
233 DT2N777Y 5 139
233 GS5OME3S 13 181
234 DU6ZQMSA 17 135
235 QRNIGAQ0 8 69
235 SSX4XQ7U 18 44
236 WR28UJ9R 1 2
237 NG7XBKNF 19 32
238 0HB8M9XP 10 609
238 1SIS5LV3 20 6
241 8V0SE0LD 9 22
242 XWNEJ1IH 6 345
243 SB2SGHIT 3 96
243 VMIU126A 16 132
246 IMQA973G 1 926
247 9XRNEZEQ 2 634
247 D26TAYXQ 1 129
248 ID426X7N 7 58
249 TIMBJL6D 18 100
250 CYXMC126 7 283
252 VLLECOI1 16 128
255 68TRDJ26 4 57
257 GP7V1O0G 13 316
257 MNGKJ40E 15 195
258 RWN1U0ZL 4 64
259 CV7AS5RU 19 306
259 MATB89HT 5 303
260 2CT1W834 15 146
260 BCKVGWZO 5 907
261 2LVNJ070 14 370
265 71MJ6QVK 10 75
265 8HO1EYO4 17 47
266 8YWK785C 1 478
266 HZSHYMW2 20 802
266 ND7ESS7N 17 134
266 W8JFWKJM 4 500
267 08YZEHOA 11 303
267 RMYRRMB5 2 197
267 STE8M0K9 13 295
268 2SROFDXF 8 174
268 4O5P55IO 2 75
268 S0DB2PVH 12 373
270 I1F8VETJ 10 432
271 YB2SHI0V 4 30
272 F8M6QSKH 15 158
273 6QK61SGL 6 458
273 U1DAQB7Z 9 185
276 CN3X90N5 15 153
277 Q5HYALYO 18 237
278 8L8OPBRV 9 83
278 F69IN1G4 8 574
279 3YPCVDY9 11 177
279 TB6LQERI 17 86
280 GMG7719B 6 213
280 HVPIJE2Q 9 458
280 LE00CGOK 5 227
282 7YD054SQ 20 346
282 KW2VUX5T 18 20
284 RCPLLNUU 7 322
285 J2YPDRFP 6 218
285 L4DQH6V4 9 94
286 OZZX8FRO 9 240
286 TPBK77DP 4 232
286 WSM630CE 7 93
287 082I4HQF 1 233
287 DEGYX0OG 13 165
288 YVPUZLE2 11 131
289 KOTVG2X6 11 343
290 26NZ3OA5 15 461
292 NMBAUKEP 7 111
292 WUT19O9B 18 689
292 ZBCP5ZXT 11 316
293 FTPMR18R 16 62
293 I6RDC3GQ 4 166
293 QIQAH9HX 5 63
294 29CUL9NR 14 252
295 6IOSJY7N 10 510
296 CTHE7MQA 9 45
298 8J9ITXSJ 1 560
298 E7JQSEP9 7 1277
298 OTTIGXC8 7 1018
299 6UBSRPL3 7 675
299 P4BGW55J 7 500
301 0AHJKWWI 5 47
301 2OPW1GZG 3 10
302 H2EQGA32 2 254
303 9CI6FH6W 8 286
305 IL5BZPP4 16 242
306 62Q2TEW0 13 718
307 HRG0TX4F 20 29
308 S44TW2J2 16 149
309 SIG6Y2HP 8 306
311 7OGQ0QQK 8 540
311 KE6H0FKV 13 179
311 SOWYM2PZ 5 272
312 C7A00YMI 19 217
316 BNUZJIDD 2 66
316 FJ7O80T5 9 1309
318 T2AAG97Z 6 42
320 1KRWPOZ6 10 41
320 TRX5WNVU 2 16
321 RX95GXMQ 18 269
322 67K8LR2L 9 687
322 VXWJOKOU 17 79
323 IAN48IGB 3 206
325 D432DK19 6 102
326 5PDXL01M 6 679
327 LN1VKV10 9 196
329 9QA2UZQH 8 317
332 UZ3MGC3S 12 499
333 J72D0PSG 3 616
334 EXW4OW4U 6 97
334 HAUHUTB3 4 555
337 3G1B3JNY 20 291
337 PZ7MQTNX 16 19
337 ZQ1IRWU1 15 3
339 EJLP20VA 16 374
339 JA83G0NX 13 755
340 DDU1QRKH 7 945
340 G5VWZ209 9 10
340 SL3TCAUG 10 204
340 ZXIM5PI1 2 82
341 A4A9132M 10 708
341 DW97FXJ8 3 10
341 VCCI5GES 3 434
341 YYNRP9IA 20 271
342 07FDRJNY 4 303
344 SRVWVSU0 15 435
345 J3FM5DFK 13 136
346 MALXVNVW 5 90
347 SW4CVWUU 6 388
351 ENKU29W7 3 551
352 NJR0UEI9 5 375
352 SPPGTQT2 7 239
353 2246MI5X 19 304
354 BMRJVAEM 4 25
355 FIYFA3N6 3 541
356 II5HCRKU 1 479
358 OAKOA0JU 8 348
360 EATJQP5Y 19 50
361 6EAJDNHF 16 37
362 J7LODDTM 10 9
362 REZBSNQQ 7 928
363 HGDG7ESX 14 593
364 1IHEELRH 13 204
364 OJ46L1XK 19 66
366 G4QZA7ZF 16 475
367 96GRW65O 15 131
367 AZKCDLD2 20 193
369 SW61L8BC 10 210
370 JQIZAYMU 9 48
372 EQP2EF2S 6 204
372 WHOF6WVD 5 499
373 1Q5CO02H 8 135
378 CKHJKGAI 8 16
382 5IGN7N93 2 394
382 VBWVRC9X 15 117
383 3314BHOM 17 901
384 MFY0JTPM 5 540
384 NTL8IV92 10 246
384 YW7TKAQH 7 82
385 VXMY5G1S 12 436
391 M5PJ7N9G 17 351
392 D1XMBWNC 16 417
392 D89WNKT6 8 577
393 ATRMC1TI 9 70
393 AY607KIV 20 87
394 0LWRKUW9 16 206
394 I4RW8CNI 12 25
397 Q4Q6HCSO 1 486
398 H30GP4JH 4 856
398 LSWSFZ4C 11 64
399 108EIQI7 13 74
399 9QXJCLDT 1 294
399 RGXGBO0U 18 315
400 KQDAE4CE 10 65
401 LFCU0QVY 14 20
401 QYN0QFYD 11 253
403 AZCEOARW 4 102
403 GZ3YJJVG 16 149
403 KBYB7FGZ 18 374
404 59XPN9G1 4 72
405 UT7J6HO8 8 1258
406 F00BBVQ4 10 263
407 RIMT9UHW 20 27
408 OO0XY4H5 3 431
409 DIANS0B9 20 137
410 DPRSILR7 1 151
412 3OZOROYI 3 219
412 GL4V8DSD 7 882
412 MCOP3N64 18 465
413 YB1C8QYC 8 797
415 64CENG0A 10 123
415 UCJ3YIRG 3 678
417 4NWBK4R7 10 406
418 T8TZWK1S 10 601
419 IACACQ0G 19 10
421 19TE6PLY 3 2
422 F4V5MC2D 19 205
423 XCTKA8QZ 9 295
425 PM4RZB3J 12 273
425 RYH5FLXI 15 30
426 CFLKH0ID 16 202
431 A5WLUJY9 9 227
432 IGWLKBNW 18 287
432 KOFNW25C 9 267
434 CC0JON1C 11 455
434 VJ30YKC2 9 216
435 GL2TP0ZW 2 347
435 X2TM7UIO 16 303
436 SJZTVT39 10 343
438 8QERVU5Q 19 651
438 IIJ8UY7F 16 376
438 RKXXZZA7 14 230
440 PAQKR31Z 16 519
440 XGM42ZVB 13 52
441 C4GG1PEY 20 8
441 YYATP24O 15 803
442 PJC1FPU5 1 745
444 83JW4KHE 4 69
444 DRYRRR22 4 323
444 HA48DS2F 1 184
444 K6X8OJFO 17 207
445 OV8NBTO7 8 87
448 0X22K5G4 19 227
448 HZ8EBESV 13 375
450 GGYLQDUR 17 127
451 XYUEJXGG 4 22
453 3JFLF7FG 16 660
454 845VSCLP 11 557
454 BCP1A9JD 19 413
456 04K1O3NX 18 875
456 0GOM00XE 8 129
458 BER5BCC6 12 495
459 A4Q8QFGY 13 169
460 WRLWPOLX 14 67
462 FMBNJ2J8 14 404
462 J790W09N 3 305
462 PKWJ7KPR 18 979
464 VXVP7Z0C 3 35
467 R6E4RTCO 3 432
470 9IWX6G56 3 205
470 E9E8ITOV 4 971
475 6MKX6N66 2 81
475 9JVCVR6M 17 218
476 64NZ1LBF 17 363
478 46YP8TL2 7 111
478 RTG4ASN6 19 1463
479 I8FOD4HH 4 874
481 EP4YAO83 20 24
481 VA10JVKL 5 70
482 0LXFT8TF 7 665
482 HZJDW75Y 4 264
486 YC9XY3J5 5 69
488 3R8SUCO4 1 52
488 FSQZNM9L 19 438
488 P2XQTS7S 2 154
489 6ICRJ96L 17 58
489 XML51O01 20 150
490 BWIYD3X6 15 42
490 I6AD0SC3 19 82
491 DIGVB4LB 3 210
495 0C3E716I 2 90
498 AH9IDQCT 16 221
498 XM7C41CZ 20 223
500 9VASPYNF 15 357
501 EGX4GNA5 9 72
501 UND8GR3P 18 15
503 R7UD5PE9 10 31
506 WEK298SD 6 127
506 XREWWOUB 3 922
508 Q3YJ066K 5 692
509 9DR6Z2A2 11 416
509 T6SG1UN1 19 519
510 0G99D89Q 8 545
510 QJXA1T7H 3 95
512 7Z6QKDTC 11 271
513 GMDP6B15 2 359
515 04WUSGUS 6 592
519 EKHEPG16 20 279
519 FMIZY83V 6 128
520 MA5B37MZ 13 537
521 PQFZ8QDO 18 125
522 I16YOXPY 3 190
522 N3MQMGNA 1 299
526 5CN5FHLV 6 35
528 RBPBZC19 9 171
529 DKDA5RQX 11 360
529 SXJV51E1 11 442
532 086UW5B5 14 531
532 CLDWAXEK 13 172
532 FC1C435O 17 54
532 Q2H4VMHL 2 134
533 4CRIZHSB 18 123
535 HR77VTZH 8 741
536 BPJ6A7TJ 3 105
536 ENKB7PSJ 7 511
536 HF5A0H3Q 6 299
538 1SO0DJRW 11 407
538 30W5TA30 20 231
539 8397WC5N 1 132
539 9X8Y5RG0 9 466
542 56H4L6IK 2 86
542 M03EBBHA 12 359
546 K9AOP498 8 133
548 Q3OS0XO7 9 78
548 XI074FHS 18 219
548 XVPA04JU 16 699
548 Z0MOKIW1 11 647
555 J2B39OX6 9 80
556 OAIC0PWI 12 313
557 HDS72CLG 15 302
559 0B3MW0R1 5 468
559 532Q6EXB 1 830
559 8W0TICND 9 167
559 GFE1LQ09 6 42
560 6XJCF68D 1 393
560 TISNYGU0 12 21
561 FF2FC8V2 9 170
561 Z4B721WX 5 148
565 1XSOPC7P 9 219
565 4OV5C00W 18 103
565 ME8D64K9 20 204
565 UT4FTNJF 15 423
566 C3CY257V 10 102
566 VWKA8GSO 16 291
567 7LTC9HHD 11 150
567 JIDGA8BP 17 606
568 3CFOCG6H 5 137
568 3WHLG1B0 13 858
568 6921S9L1 15 338
569 OVRX817D 2 109
570 PW94ZSYI 14 237
570 V5OFEJI8 16 169
570 ZE05GV4S 8 155
571 1YYCR1O5 2 25
571 ZCNA2YT7 1 311
572 C5HKZMNQ 17 665
576 8XQ0IYGM 17 48
576 B4RN1PRM 16 466
576 CFC20J4H 8 555
579 CWO3V78E 14 457
581 DS0VCD26 2 482
581 QLQTYOA6 4 544
581 X8R1WTMX 7 132
582 B406JSPX 20 99
582 JRY8CT6H 19 250
582 WPWTVBIM 2 477
582 X1UM13ON 3 576
583 3RPXM38K 15 135
587 HWQ05O11 5 226
589 9CU0YJVX 20 96
589 JSEJCH2C 17 188
589 PMZD836M 7 559
589 R0U7CURT 7 122
590 19F6CU58 9 576
591 PQ4T6I97 11 58
593 FW5288FM 6 211
594 C9R5Q3VI 8 675
595 KDDXFCFY 15 420
595 SFDD8F3C 6 47
597 EVOZ3SPH 17 243
597 KVZ416C4 18 317
598 FQZ95LVH 11 48
600 5BO2MJOC 9 207
602 ANM3RXOP 10 153
602 RZ08X71A 6 29
603 596NOVUL 18 231
605 N8DH68XM 12 111
607 36YW6DAQ 18 261
607 Q9UC5QK2 10 144
608 73VYRUYK 10 317
608 9IP9EUSK 14 237
609 F0AW7NMK 15 9
609 P1OXSP98 10 586
610 YJHCGUGC 19 187
611 KNOID3QA 16 596
615 JV23Y0DM 18 311
616 00MFHJ6O 5 59
616 9MDRF0HF 16 424
618 E48TTT5B 4 405
618 ZZD0TEFW 1 406
621 5WLZ6SE2 7 101
621 XUHBHHS3 6 243
623 AJ9IWZ2H 5 3
623 G1H1OASD 3 310
625 IOD91XOB 14 78
628 2E43UNYG 7 36
628 WM38HXTG 18 22
630 UCGA43BK 17 22
631 5BJN2S15 1 1178
632 0YMTDDV5 3 81
632 L930B7QP 18 5
633 LWND8NQY 14 17
634 NKT326OH 13 156
635 BQGX0NKP 4 867
635 KK3N7L0M 12 814
636 7HNJ3RR4 13 364
636 QL9PTW7E 13 138
637 VP3EFL3Y 3 170
638 51KQ6R03 6 156
638 BGQE60VO 19 31
638 I6RF1RTN 18 165
641 70OGQNH9 17 5
642 8VF2GS6H 13 191
642 N5H6E2P1 3 370
642 R6P0FYLK 7 1437
644 K87ME7YZ 1 20
644 NOVDJJIL 6 18
645 1H7P7J78 17 483
646 GY14SJLC 7 50
648 O8642DYL 12 579
649 JZ7ZPWUW 20 121
650 MA2N0L6F 5 67
654 HSAA3169 7 476
655 TDL17MQ3 12 183
656 VK9UV1OA 17 312
657 7UNQN0GV 8 225
658 LMGDWW3Y 15 1
660 K7WV054W 13 344
661 9R5H1PLF 9 351
661 UNL38NQ6 8 117
662 C2DG8F27 17 780
663 IPJIRUK2 4 88
663 T4E6YE2V 1 862
666 U261N5U2 6 838
667 KJ5E6XGF 15 174
668 NI4F7QFG 18 106
668 O0EDFRIF 1 280
670 W21LJRIE 10 321
670 ZK7YYO5T 3 293
673 XTK3YDGZ 8 673
675 UEZ9S2MH 15 167
676 244SK13X 18 195
677 N6A25WR3 4 199
680 2U0TMFYU 20 6
681 M208EQ18 8 998
682 PYNL6CE9 13 403
683 7VKFMMFS 14 611
683 IOS260U0 8 331
683 Y17MHAJ2 6 73
683 ZEKAHGXV 20 625
684 M11F1VSZ 7 175
685 S1BG0NKB 15 262
685 ZF3HL9HT 13 112
686 68TTOJ80 6 126
687 KKI9CEQ6 7 200
688 C4KMCXHC 13 427
688 T5V5YFHW 9 168
690 PYCECKOC 4 131
691 9UU5EAMB 18 164
692 1FJ9OFO4 20 166
695 60LLBZLD 4 324
697 X0CB9504 2 306
697 Z21XF8HT 17 351
699 9JFX6BZK 18 1
699 DS1CE7RL 4 14
699 DVUU7XZH 4 861
699 QUPM7NEB 10 143
700 DFEJIAV6 18 221
703 4FUGFRHI 15 160
703 P4D73GXD 11 49
704 AJCRCCCL 20 31
704 KYAURW38 2 637
711 YG2J5BC2 8 171
712 0GPO0EQR 16 4
712 BXO5OWCO 4 45
713 KVUX8ZW8 6 67
714 GLWK1Y98 3 160
714 K4LP7XRJ 8 378
719 4E55E05Y 9 215
719 NKKTR2KP 18 36
719 O79SS4H4 16 9
723 0JDRRRCE 9 150
724 JFJVG7S9 5 24
724 U9UGY878 2 329
726 GV9RD7MX 2 665
726 Z9BR5BGN 15 272
727 H33KMYX3 16 641
730 LERHQZHN 17 9
731 7B5BN4D7 13 232
738 QK8N4W3P 16 792
738 Z4M1OPFQ 9 369
739 CQTYLWP2 11 1007
740 AOMZD4QW 8 92
740 JPHKTEFX 16 214
740 VMZ0M86B 2 261
745 4PJPGJTF 14 140
745 G62O4T7K 18 96
746 D868UFHU 10 112
746 S10J89PP 19 89
746 T3D050U5 10 760
747 SE9ZGZMD 2 258
747 YJ0EHZPG 8 53
748 MVXTN2D3 12 134
750 IHQJ29AD 15 471
751 7C74OL1X 4 311
751 AIOU8A58 18 13
753 7KWOLLRW 4 22
755 2D28HVC7 19 154
756 8QEUFATY 10 213
758 0SLG4NT0 1 425
758 7B22175D 16 732
758 Y8AAB3AN 6 59
759 QDF29ZL8 5 235
766 VGL0YS18 10 453
768 BS4UHOA9 1 523
769 NKGLV712 20 54
770 N6LRHV5Q 16 136
771 1Y6GRD12 6 316
771 LQSP7DAV 18 353
772 LETEBLAF 2 310
772 LR43V7R0 2 342
773 GPNG31CR 11 44
773 P37Q0W8M 7 61
773 Q0MIB2P2 19 146
773 VTYFJEML 15 928
775 UGNKBF6A 15 19
776 9PY7KR99 20 7
776 TX6CZDZK 19 28
777 F5IK97P6 7 80
777 NFPUQHI0 11 1026
777 OUZNW3MJ 10 292
781 B9S2UZJ1 12 288
781 S91WU0WX 13 812
782 APO2RI2M 15 18
782 LLFZ88TE 5 96
782 SN4RI6BT 10 601
783 OK6ZGK6M 5 601
785 TL06QX6T 8 374
786 85CPICIC 8 437
787 I7L55BVP 17 351
789 9B12TP1L 17 474
790 S2L9H2ZH 14 95
792 1L764JFF 6 217
795 C9E58KSZ 11 18
798 97Y4I29J 9 567
798 VSY4TTUJ 12 225
798 XVUQ21X4 8 79
800 JMCDZTPY 13 989
801 0AD0UFMV 14 10
801 HWSPNHAS 2 283
801 QBS94R29 12 521
801 XGZ82ZYT 13 964
802 ZAFWMLOQ 12 483
804 DYNN5GL9 20 132
804 L4T7OU1B 17 277
806 GH5GIF9Y 14 219
806 L7IC282Z 9 297
808 NZCQ9UXW 16 217
809 8U7BANHH 9 237
812 MB9LVIWU 12 16
812 X3YPBFTB 4 412
813 6DOHKCLQ 11 258
813 T8F9DT88 12 932
814 2QUXUPSG 16 983
816 91QEM36R 20 77
820 77TE8GKH 2 569
821 KXRW5KBB 18 39
822 B2NY5TLN 11 108
824 5EYUDOU7 4 26
825 VCLH50FR 16 242
827 4G15DVIX 16 389
829 TL9P532Y 17 426
830 19VUG15V 19 30
830 534HPSLE 19 515
830 A6OTDBIF 6 353
831 SMTR1247 12 348
833 2LC70IXE 14 287
834 BGEQOSNT 17 51
835 X20Y4KRR 1 229
838 E9QDZ9MA 5 63
841 4OSMJLR1 6 121
841 P7K04OT5 13 23
841 R0JP8CZ3 17 439
842 B1I5LM9E 9 39
843 VH5ZXW4D 12 487
844 MAVIVJNY 13 110
845 KQ34FWO9 4 433
846 21SVMZOD 13 44
846 FZ1DMHT2 5 1150
846 N7DQMVDU 7 728
849 AQ0GHSJ7 12 809
849 QP4VLCTO 13 22
850 KPGDTLPI 5 508
850 Y005NW7Y 4 429
850 YD93X9OL 20 383
852 AG6SRZCC 18 147
852 LLB7NTAF 4 81
853 0TKFPU5N 11 53
853 PP8EJL1C 8 120
856 EPHEMPXN 4 48
856 LDFMBJ2F 11 403
856 O33DRQLH 12 427
857 F3L4A7E5 11 773
857 MS686TJZ 16 373
858 FATNL2WV 12 468
858 HJ1I1WRQ 3 167
859 EMSU0H46 2 66
859 SWAB54N3 19 44
861 NVKU4BLE 9 1067
862 NC81N8PB 9 281
862 PQHU1RV3 5 84
864 WBAC55IR 5 341
864 XQUBPC28 7 316
864 Y7P8QGBP 20 401
865 XY47PJWR 19 421
867 RGAAMJPH 4 460
867 UB8KAI56 20 65
868 7H5Y0UCG 3 204
869 370YG32X 6 288
870 4VNAPZP4 7 156
871 6VQR2TN4 8 107
874 KZ08C6XT 2 127
875 9J0B937Y 20 113
875 F0BU25QD 8 98
876 22MQ3F9P 9 12
876 B8UIIAP5 3 171
876 CG069TN4 1 545
876 F0N3SYOC 17 776
876 MB3M1DUW 4 173
876 XF0PONFH 13 246
877 Q9P1GCND 3 564
880 GMH28P5A 12 982
881 GQ2C3MDF 13 507
884 PBXHUEET 15 55
885 PQ0X61VV 20 207
887 GBM7P4JC 7 24
889 IANCFUFH 3 125
889 JVINKAR3 6 497
889 Q43H39X1 12 55
889 RU36GLMO 8 77
889 TWUZ0ZSH 3 224
891 3G1GDBOV 2 302
892 BW5W913J 2 958
894 Y7SMJ4OT 18 422
896 5DVYKEGO 13 699
896 COI5DP7Y 2 162
896 DI04UYSC 1 430
896 O8N6C5YA 6 156
897 1GQDN9SK 3 188
897 2D4FULHP 3 651
897 CVE7TPYG 4 80
897 LQA34ZRN 9 102
897 PYSI1UG5 2 363
898 Y4DKQP6R 6 127
899 STORZ0FU 15 3
900 FGIGOY83 9 18
901 BBDFOD6J 14 134
901 G5NH3WJV 4 162
904 Y7M9SQI9 11 218
905 16846QMS 2 127
906 X154UFC4 15 144
906 XNO9KV56 12 349
907 9WGLI07N 3 301
908 DVE3PG2Q 8 442
909 GGGQ5VD8 18 397
910 M8ETB76D 15 107
911 P5Y5J7IZ 15 326
912 5E6CTTJW 8 2
912 WLVCM6GB 16 506
912 XS7T5R1Z 2 76
912 ZQL0H7MZ 14 177
913 02RFML1G 16 158
917 2TDFLJM4 2 232
917 5UWW8CFL 6 208
918 66OTF03M 20 221
918 PN24JFEN 2 173
920 PBIZB896 20 211
921 GBOPGKSU 17 281
922 OM2CTWJA 13 76
923 3SG2P1DA 3 372
923 UW9IQ6FV 5 176
924 OHAUMWRA 19 77
924 YY4T8L3C 1 1
926 CTHRIMWE 18 259
926 HC2XH4VV 4 325
929 JVT0FI7P 16 72
929 UA9TI62D 3 513
932 4MG4MY2C 19 348
933 D6UII2J7 7 63
934 F5SJS42L 13 160
934 UEWSU2G8 13 341
935 KH5AKJ3A 1 413
935 LSSFSACT 5 322
937 C7OZ98F2 3 87
938 EIORYR3E 5 800
940 DT2ICVEJ 13 766
942 RW0EODAO 7 799
943 QY4I76XX 7 329
944 020XTHT2 20 12
944 ZVGM3OSL 13 154
945 D7OECJ9V 11 84
950 3DP2292A 15 523
950 EOAO2QWD 12 155
950 PENGNCWW 10 769
950 PM89NQPC 12 115
952 8EKXOV7I 2 243
954 SWGM2YB9 9 367
955 5N10SIP4 19 108
958 B5WO9HLZ 1 171
958 VK2MK2BV 3 178
959 MN8MR2B5 7 869
959 OFS1HW6B 17 48
960 38W8JKI3 4 189
961 OWUE8R9C 12 419
961 U0ZOG5X3 1 123
961 V2L2C4OZ 6 105
962 SNAKIOQI 3 328
965 U6Q3RSL1 14 15
966 BKQD963Y 11 87
966 RC553OU5 5 322
967 EPAYRU32 10 291
968 EMGHIWDY 3 706
969 G5PIUD9C 1 451
969 GFRLJULU 3 188
971 YIA4D3I2 6 604
972 VR32O8C7 10 275
975 VCAIAKB2 1 156
976 25PJJHZK 18 11
976 G5TJOSK4 16 585
976 N97FVR5A 20 291
977 NRV1C3AT 18 222
978 O5DP2MI4 11 23
979 5IF4SH40 6 3
979 QP51PXH2 7 88
983 D91FD0IQ 20 283
985 8J15BZVN 19 163
985 O60G5FLQ 11 654
988 6WNJ9HNM 16 88
989 7GS6LNJD 10 23
989 LTW1RNVN 8 414
990 PU3BI739 14 376
991 0JOL6YQT 18 77
992 JJF3U1Y9 9 138
993 2IK5QRRF 2 172
994 WAYJVVBN 18 166
994 ZVPHKXEH 15 984
996 CX99LZS5 12 126
997 I9N4ZEVO 1 258
997 W98W8LXK 20 161
998 MBVVLHEQ 2 1057
1000 C6QKJMYO 9 228
1000 WMN87E00 15 114
