0 29PY7KR9 10 77
26 E4SOPLB0 7 8
28 X5WNVUQ2 10 138
53 TKX8ZG54 17 388
82 FK6GIXLH 1 35
88 0XWAYJVV 9 21
89 YMTDDV52 14 392
102 6DV2UBE7 16 39
113 VSYMNGKJ 2 36
123 RV1K55KU 2 402
126 Q4EIAQPC 3 352
157 R5YYULF9 11 331
159 1VQVYXXM 3 90
164 XWB0P45S 13 44
170 UGP69XZI 10 202
189 ND8NQYLO 12 314
192 8AFGV1Q3 14 455
197 52GBBSLR 8 112
211 79542HFE 4 342
213 R5KUHENK 9 309
219 SRP6WXS0 18 124
227 46L1XKOQ 5 383
230 GUCKZ1Q5 9 275
245 QUXUPSGQ 15 229
247 45JYIA4D 10 341
259 DJLLBSHW 7 96
261 GR4QOXRW 4 85
261 OVZDDU1Q 20 252
268 L0H7MZCQ 19 431
276 EK298SD9 1 177
286 S5ER4X66 18 299
287 1PLF2FUP 16 61
288 OC4J7HAJ 13 65
298 KDA5RQXX 2 374
324 8UIIAP57 1 402
337 U7XZHW6M 11 332
362 H8DBS9BF 5 450
391 VG841KM8 5 73
395 W7WYUHZ8 7 47
403 TWTNCGZ3 16 188
410 AN71UIQU 5 83
410 OA521TU5 15 359
437 4GVF3OZ2 17 289
444 F8HTAWT3 12 393
447 RLXVPA04 18 448
448 FJZJW1NX 18 80
452 L0FMXE0U 4 139
458 13YMBVVL 14 405
459 MJIKGQY4 18 77
463 30SLG4NT 9 469
478 GNTYW11D 5 228
481 E7UYY5FQ 14 344
483 D805338W 2 411
490 EVJ790W0 7 404
490 V5C00WQ1 8 443
534 3H8ZT26N 8 478
552 I31O9I5V 5 87
560 9GH3Q7C0 7 35
560 ITBEZYAT 13 130
585 UEETAGGO 12 60
600 A62PUXLW 17 84
605 FPU3BI73 10 259
619 2TJ97Y4I 5 215
623 Z53J72D0 7 230
627 X4GD3S3L 2 68
632 ESVD00BB 3 13
633 F7HMAX8K 14 406
640 GYXOXTZY 18 449
655 C2SROFDX 3 241
676 G5KN8YGC 8 146
680 AEC9E58K 20 147
685 206Q3UEJ 6 437
695 BIPJIRUK 17 256
713 C1TIIO24 9 99
740 E85QCZ62 5 274
755 S793O9NS 18 101
781 WP7CSBOQ 19 218
787 53FMBNJ2 4 340
805 AJPMB9LV 7 266
814 96ANAIPB 10 442
822 IDK1KAWI 3 19
830 H02ZYIOL 3 71
834 P8WWM64B 18 499
840 HUCGXDOA 9 82
840 PSJ52505 1 266
845 9SS4H4LV 8 268
884 088AMD84 9 86
884 IGFMAUPB 15 496
886 OZXV8Y0L 6 176
892 UFWX06BR 5 180
927 02HHT873 2 113
927 HG43JP4W 16 13
936 4G6OUIIV 17 373
943 GUP8VM9R 12 208
944 0F1SCTTZ 14 457
953 AB4SXWQG 15 428
961 29J8FH5U 6 179
964 5LM9EDTH 14 66
966 KNOID3QA 7 465
968 RHF5S3QH 14 295
